tree:91.90352234990858:73.0:-18.97989547907037:-89.24981:-50.849834:
Hub:-67.33217591490191:104.0:20.750181344022845:-139.50601:17.39993:
